%YAML:1.0
---
type: IMU
name: xsens
Gyr:
   unit: " rad/s"
   avg-axis:
      gyr_n: 7.4266825125507141e-03
      gyr_w: 8.6572985145653080e-05
   x-axis:
      gyr_n: 7.4610934916356951e-03
      gyr_w: 9.4960137283401226e-05
   y-axis:
      gyr_n: 7.5021721972913140e-03
      gyr_w: 8.1721855420927844e-05
   z-axis:
      gyr_n: 7.3167818487251341e-03
      gyr_w: 8.3036962732630157e-05
Acc:
   unit: " m/s^2"
   avg-axis:
      acc_n: 8.1330537434371481e-03
      acc_w: 1.2123362494392119e-04
   x-axis:
      acc_n: 9.1576462721714158e-03
      acc_w: 1.3449454706049906e-04
   y-axis:
      acc_n: 8.6618527492374389e-03
      acc_w: 9.9089466161626796e-05
   z-axis:
      acc_n: 6.5796622089025897e-03
      acc_w: 1.3011686160963769e-04
